28,5
28,4
28,1
28,3
10,189
10,187
10,85
10,175
10,105
10,7
11,15
11,16
9,7
8,15
8,13
20,3
20,2
20,1
19,3
19,2
19,1
12,3
12,2
12,1
11,28
11,27
11,26
11,25
11,24
11,23
11,22
11,21
11,20
11,19
11,11
11,10
11,9
11,6
11,4
11,3
11,2
11,1
10,303
10,302
10,301
10,300
10,299
10,298
10,297
10,296
10,295
10,294
18,1
10,293
18,3
10,292
10,291
14,1
10,290
14,3
13,1
10,289
13,3
10,288
10,287
10,286
10,285
10,284
10,283
10,282
10,281
10,280
10,279
10,278
10,277
10,276
10,275
10,274
10,273
10,272
10,271
10,270
10,269
